54584
52047
3385
2694
51623
56332
46567
39827
54928
33700
31901
7712
21783
46576
56394
36568
51001
28484
21800
20114
17070
7033
51794
49179
8549
4969
46140
37122
64098
27419
43038
36229
1925
6042
14026
10037
24830
47885
26969
34142
27254
52158
38955
60496
37348
63491
8936
1801
2520
35190
50882
35943
33242
36326
15808
24442
25751
59447
13802
39081
50812
22304
64764
27888
46289
30679
56308
8210
55071
53054
43183
45091
32681
47476
39504
45836
7508
36372
45579
37694
5804
23291
50460
32342
5203
57497
20701
39255
42439
19881
7845
30738
34803
60705
28012
6962
3610
11339
58026
28661
48391
12476
9535
12417
56066
35369
27754
12747
60977
19414
56416
26365
5167
12230
39360
53225
4499
1117
38938
62200
36023
65270
19679
39231
19697
7181
21316
5968
37977
13297
21874
13585
55065
6565
6043
40161
40312
64852
39218
56472
18105
27687
60096
21462
32631
61776
35633
45325
30698
24425
2263
50046
31366
47715
57451
47846
17181
12683
31199
24459
1789
29281
63341
13625
14645
14637
51775
54228
51169
34486
38920
26260
31223
29801
37409
14849
44333
44307
34672
28364
33554
2286
33425
22211
28654
25591
60489
8054
34683
13768
57988
20092
5990
46798
42339
11039
30679
63403
49461
39797
9131
33160
34107
46461
26140
10446
42619
29185
20356
15348
56205
38163
22475
13744
13582
10556
39036
26924
54636
25879
60228
38992
1496
45370
24923
9198
969
56475
28202
11182
65220
39373
4240
58544
51032
48681
9183
4523
35507
44873
33081
35512
30762
6513
33911
21903
25471
48351
64203
58782
56968
34481
11710
44504
4668
38522
10378
30963
63954
31207
6442
49168
58647
9781
46935
63472
8556
51725
27341
4557
56711
56282
54663
889
17160
3806
54959
25121
1205
34560
52667
2244
24794
34279
11033
32535
42821
22194
23293
47993
31091
50662
1976
51973
13547
29621
8588
35356
45653
42430
10926
36295
58231
27878
60709
38930
62867
25208
1508
56894
49216
30517
62128
15514
12787
15901
32839
26772
36376
21817
22678
49785
5229
34657
57272
38447
43314
37994
46648
10312
24842
14447
55765
42057
11694
45172
4161
60824
2152
8518
45809
1685
51362
38714
5320
36186
46721
57466
9173
2936
61150
64111
65418
8765
56926
50000
30757
6064
44996
54758
39836
54781
13794
1148
63617
63340
65004
37889
19827
10437
11234
50942
15547
45887
4724
17358
60695
53799
8728
39147
29642
3939
33580
26325
32216
63822
7104
16405
2100
23609
48903
63122
32237
50792
8419
4321
18740
34568
59250
25632
40384
56174
52643
5568
59851
27214
26767
32412
11231
5829
25601
56352
14458
13626
17769
24377
26566
7786
15869
53698
60262
25123
51348
46095
15114
38545
44297
48068
15886
7174
11498
1310
36239
37622
11037
63198
59106
9057
56636
55574
34509
50763
16637
56979
7270
15100
7484
61905
37722
12148
44149
61272
31398
58745
18667
12954
62267
34950
8335
62965
6950
50352
23378
9381
60067
34748
28957
58525
39578
15414
6232
30812
27696
5838
6677
46218
6419
4243
2292
21602
14548
356
55941
4366
31330
40206
29715
48494
65254
16275
35387
26477
19940
57860
41445
58459
63253
60816
26711
23796
52732
7738
640
45594
56116
13850
57439
39700
22755
56743
17396
31581
55334
61759
10902
22414
40357
26768
65352
24612
18765
32113
15272
64726
31071
17926
26375
32136
41297
25893
12011
56655
10780
5407
19772
49776
57631
46948
46540
59922
3572
22637
59930
59910
25457
38403
7718
64568
40498
61334
1961
55573
36933
24698
12432
24069
47022
58131
39469
23986
16652
3715
32500
59222
35505
54889
22568
6860
15238
49654
47857
12083
48627
60797
38956
15250
11903
21403
21198
2664
27034
12729
38362
25793
2290
41688
58131
52611
36940
35888
17095
15429
22850
48245
528
36519
42417
14852
62238
51666
40842
32999
35280
61944
33532
14496
35136
58699
9019
20179
52305
57777
58206
34715
16053
57897
59777
23226
3335
61709
9069
18017
52268
43316
57131
51457
12776
3996
34793
41940
32097
31805
9744
21450
56736
41145
49520
20133
45351
45490
47914
16966
2980
294
48128
38150
24816
53303
22495
48004
54843
788
2646
43765
36481
38038
34361
2776
17854
61200
26264
40520
57797
38590
23807
16481
59293
9890
53970
22579
21464
29857
15849
46165
29431
39832
56610
44020
32713
42015
15737
22530
61384
60736
27836
56029
5288
20302
37139
27588
44276
8987
17931
9707
61402
59618
32116
9551
53453
43704
9630
64920
39381
30828
50341
3603
30401
29911
60064
8356
15021
63678
32750
26010
7251
52212
51994
33531
40738
33963
42889
40991
38551
50391
62772
9719
37401
30961
18179
11721
59595
63451
21029
9119
41373
9220
33428
4925
7112
34810
22697
3759
25063
5887
7890
32894
42336
23246
65039
29046
25602
44297
12692
32581
1514
52004
56900
42469
24840
59602
65515
1609
403
3528
42089
31071
36367
23064
53871
15144
16941
63128
38617
3861
43078
22334
46687
28893
15764
51752
60084
15369
3024
31090
46927
32001
62445
20071
11335
10242
4968
62444
6739
21057
30791
23319
39664
22286
4568
4408
35054
27316
15730
49426
53329
24404
29128
56230
59190
28950
53252
32156
27638
30554
60279
47173
50668
50182
65002
54603
50622
47361
19295
34311
65154
58059
27394
8261
55976
28115
63451
42230
3136
36672
14732
51155
49367
63861
16196
9108
8981
29930
48254
13190
61685
65350
31533
13009
55734
29017
8447
10887
39990
12423
16545
60209
31260
11866
39831
31662
6070
51352
10395
24587
45192
39577
60644
38284
7913
7459
14102
63486
24212
61870
210
5510
20567
53305
35422
1022
52485
28874
677
15261
53478
8902
51098
39068
21595
35184
32611
40596
29530
40413
44200
49013
55634
24556
5990
29313
6875
51640
19141
12494
10203
42876
53019
12800
20649
61818
45206
59369
19513
31332
17981
32926
11846
777
13719
3717
34629
41038
64533
43807
52930
29320
11269
61081
24593
53691
20107
16575
29424
43347
31151
54089
41569
60263
4365
56992
26034
61570
31594
1162
52919
45275
28569
27882
30379
63302
41460
21263
40430
45476
20853
47967
37608
3511
27283
64617
49049
8398
38495
41321
40052
60649
45238
2413
59296
62122
22585
33755
8917
27980
55651
43860
38109
24837
53894
26866
2014
56499
1090
34350
47017
2630
45108
37199
28010
48533
16766
18820
33941
15394
18323
58098
33238
39254
50917
29271
